54499
31091
41843
94723
71399
15287
62549
56209
40153
51059
57853
66931
83089
18913
77479
67631
82613
86311
19141
25073
31799
64483
33347
49937
92077
14071
36787
16253
78229
28111
72313
78919
46187
67187
79621
95803
59951
19699
87973
59747
87547
72727
38851
15331
50363
36353
58013
74573
65851
10781
12263
52147
36497
15959
15887
17327
85201
73609
33071
38677
78803
21499
63353
13721
47947
20897
50047
97369
68531
21011
54319
89891
41351
57269
15787
22993
17573
14813
74297
75653
29411
81703
42073
26309
75571
21503
39461
92377
12821
14797
37693
92297
66179
92041
18229
10891
67867
74411
17839
28151
24439
95869
54721
29147
15641
27943
70181
11491
31541
17987
10427
38669
69857
57991
91249
20483
43613
57847
93479
11657
51137
60107
76259
23539
35729
27487
96211
65651
76369
22973
86257
69151
42179
27691
65713
26513
66499
13709
38723
64403
51307
68437
51329
29009
58061
58481
55249
65063
65213
55217
70067
36451
82009
31601
75329
51827
12007
49081
78173
76471
81173
99707
10103
92593
99907
66943
22157
21589
50513
81019
72997
37253
98467
27103
69191
24943
31147
48247
69899
12527
23339
36191
65579
85669
95003
25969
25309
49919
46261
62053
12421
12119
72767
21019
13103
95507
63809
39727
69827
65147
86693
49433
72077
10903
55127
56713
90067
33863
24091
13241
95857
68791
56663
90583
19661
75527
12049
81049
58573
76231
57709
49369
93683
14159
42017
89153
78797
46219
72091
79627
20981
47779
88471
28859
97687
16267
84691
93629
43913
38149
96737
39791
20693
27737
30313
87523
12097
11369
90523
71777
34367
38639
98459
24821
87539
32503
59929
63997
17167
37747
70003
25981
72139
29947
11941
17609
57571
61723
90499
69203
31327
28087
74293
46679
67807
63397
33223
34141
16333
15551
76129
99103
61057
51503
49663
72643
67217
42689
63541
87679
26153
74311
83873
72907
29531
20357
99431
91387
72047
65287
60631
74857
11831
40639
96857
48463
83003
16937
83093
31511
34483
38189
35267
49697
89329
26723
30091
19963
30071
20173
10861
74209
31699
63473
94847
69931
23227
36833
46171
95317
46507
72739
80737
31193
59399
48889
14723
95597
83891
95239
87037
42487
69031
87473
34603
88321
40163
27437
70607
35051
33427
75083
94907
43103
81649
49393
62533
84307
85829
30649
68633
45763
50051
38177
22159
92333
18251
27961
76249
82507
83417
45127
56731
47657
35851
41927
56599
47569
51439
96233
37181
18181
32771
30757
64579
36997
47969
27179
28597
14891
65119
33359
44119
15791
49529
22349
32183
86143
79697
78593
80039
40387
44651
26539
10789
27997
70957
23071
54037
87403
77249
42187
55207
33211
25771
61043
56659
42071
24029
69929
44207
98737
20929
39983
16811
13963
93983
28051
98669
37811
28751
94873
50459
39887
12301
63311
32377
58427
69197
24847
45667
81929
44101
17551
56477
74771
93487
51361
27409
79031
73613
71317
70687
82883
23971
88667
86131
30181
61949
61981
42433
92779
26669
41057
16553
89591
34739
30671
27763
99971
70009
44171
67429
48029
10111
75793
67601
72493
97021
47123
52361
82913
12739
40847
69691
28123
95093
22573
66137
94529
91513
41957
51679
88469
48271
85793
46027
89237
10889
52951
63067
80651
74731
18719
58997
31051
57793
26597
32587
53813
54881
11131
15383
87557
30089
60757
74197
95203
75167
61297
87511
35977
33533
84067
32633
35227
52433
70981
86491
13043
53773
11113
49547
45523
17827
14419
10303
14563
47837
64217
88259
81563
95873
42157
97379
43787
98947
68171
16573
49823
57803
59981
97859
39883
51539
81157
80251
64567
48781
41011
14713
15263
41189
76099
52981
13591
47221
56809
35423
68477
52583
86389
50311
79943
78283
81181
72533
13831
45673
28549
53917
50651
25243
72101
43517
59333
49843
96601
31607
33521
48479
39733
93979
94727
90247
95191
66733
34381
42409
89213
19979
29587
25121
21317
46301
80761
39397
59209
63901
35401
98717
62827
74279
26981
56443
38371
11777
64381
12539
90833
65981
43201
87443
14557
72661
88643
17923
67589
87179
52769
88423
41669
15889
53857
25919
88337
59243
19139
57389
44797
21023
61051
68821
67679
13619
43427
89101
28183
74047
23747
17761
45343
66683
38971
44381
30707
32443
92383
42139
41521
48197
31847
42307
11801
66553
12343
15031
90089
15937
11197
56827
59473
98873
63659
48299
73771
95947
75709
61153
89303
21521
42473
30983
34747
94811
38543
86923
25703
39499
10639
14867
21517
12541
11423
13049
76829
29567
66377
78157
31583
14929
30137
92861
28649
87917
44483
80239
53419
20681
30851
82549
49201
92683
16057
65993
63439
19687
61561
52387
84191
85243
96797
39659
56857
15073
23297
13229
12197
98317
12391
92627
70141
26849
28307
36469
32939
20149
17093
95621
25097
71209
10159
69779
51797
30013
72977
81077
38333
20507
93761
54347
93601
85049
31513
16319
18269
33889
65267
31649
56519
54287
27407
13421
46769
86179
40361
81101
67369
75323
73091
89983
12491
39451
25261
78007
17737
41269
19531
61381
60373
78301
78887
74719
67607
14551
80471
43573
65699
72701
91771
23677
57917
24859
32083
25033
34319
97157
70663
50993
34303
53051
10723
25439
28573
58567
40939
91753
46279
32299
48731
91283
47353
78049
61703
56941
83231
35933
31627
31277
38431
51839
65717
82219
12149
28403
29581
89563
40129
41443
73483
39869
10937
54949
96847
54767
13513
18353
46831
26347
80683
45137
62477
39503
36637
61333
58679
37363
58757
60089
88937
17909
86579
67651
76243
25087
46451
42901
20431
62501
13151
18911
20533
60169
69623
89659
50077
67819
85621
46619
37397
87877
67559
11057
85361
89107
45247
26839
39929
21191
19889
13159
25609
62761
89561
15773
79319
30557
24809
28591
16823
27031
13553
52253
36871
37507
81689
87181
30467
22571
42023
34129
63737
60887
76507
31063
84347
19843
80491
14561
26417
20627
45599
22171
52813
76949
93251
70583
70393
95261
36523
75787
73849
18059
50777
83401
23081
88969
39233
65053
64187
77237
89113
32213
21283
62191
45569
32359
55931
43777
85333
28319
72953
42209
82903
82633
23293
64613
71671
91229
10837
35801
34033
15121
56113
33503
58147
40853
22037
42239
44909
38713
48409
70627
26801
69379
16547
42223
57139
40637
70877
62213
35327
20347
77171
39383
56453
43997
31379
28309
26261
81239
58031
17041
53849
77041
41387
83653
17189
17807
73961
23887
35291
12377
53623
69001
66463
41771
60317
95917
35537
73571
18097
66701
82163
35963
95429
78901
64783
18661
95327
47041
59387
61469
67531
36017
58417
42841
66107
49031
35753
65413
70529
93307
68611
22727
58393
69539
93053
55337
78979
40961
92051
90271
72797
15461
69457
96799
51257
57557
73417
30223
87323
23311
67349
75401
31991
79279
99317
41381
59159
15361
50177
67843
56009
21397
35461
67723
35671
71341
12497
86117
16693
37159
10067
93553
96419
17317
97241
33289
32887
39229
12451
26407
56479
92921
57107
68963
49811
20521
18461
39509
12553
88427
44263
57653
73387
35809
65393
49801
57427
94273
99961
64853
52567
25793
48767
25541
55511
11813
13669
48073
65839
10631
36629
91097
32029
46829
46351
77239
11329
60457
46309
77347
63499
25999
94849
44579
63671
96557
60953
86753
35603
45971
38867
61813
80819
30253
61363
82487
40627
69073
89597
93971
88993
58109
12379
14327
20663
93229
87911
14639
75511
77377
10301
31793
84857
34781
54101
15823
77191
40289
56239
11353
23099
13177
28619
64709
82529
92993
18089
31531
63079
95257
17299
23873
58657
56311
43649
87133
23189
60037
30829
53653
44249
58613
16073
90989
18587
24749
38219
90971
80537
61681
82781
29443
88069
99719
77929
52543
22501
98101
46271
50461
81547
17257
32933
26497
51283
95651
26861
99017
60013
43987
96527
91033
47309
74933
14669
54409
41969
77641
48313
38609
30817
78577
66431
68071
59771
80701
38873
53783
31271
44257
84179
53189
95791
67231
27767
21179
71147
66413
72089
79613
98347
90163
34537
86287
37117
55009
97367
20147
39217
71347
79229
81517
95531
79973
91081
28807
22807
38747
70183
47717
71143
55603
20219
11551
36887
26317
73783
73061
13037
28277
96661
42281
48647
30841
79801
64901
60773
73013
35083
17231
15913
65581
81799
48239
14423
52757
74453
47111
54517
36217
39317
82393
45119
33757
54851
14627
46237
37447
79187
18257
88589
32429
28279
56489
22741
51749
10391
25307
18539
91291
14869
21991
12503
43487
88997
62591
73189
25841
64013
58601
80911
31907
23159
15919
66977
74687
34351
62297
10429
97849
98621
47609
72421
58991
73037
56509
94999
37097
46307
31333
56737
30839
84967
10531
99523
82301
88001
94229
63857
90407
31231
24919
18043
43661
59083
28211
55439
36277
20743
17959
16229
10333
33599
94399
44729
80611
54133
75577
39119
13411
97231
58321
56701
44851
42221
30853
74419
89923
52883
97127
45427
96907
58129
99277
10151
51971
45631
69127
69247
38273
15647
53087
59407
13901
55441
47251
53003
44927
95413
89273
20807
66491
48413
31033
83563
97789
61357
38839
19403
92957
13003
35107
93911
73751
76631
27017
39979
68897
84761
73471
90023
38891
85237
51637
50093
92381
32911
47513
57719
52363
87187
81707
54361
32027
11273
37957
36653
67577
93169
49253
43177
80779
72461
52919
19463
63533
78017
61417
45707
47491
58831
78079
56891
93407
98479
72383
39569
72277
78781
15269
97301
50033
18077
76607
68147
87587
16217
85991
95021
41131
70223
89671
12713
81667
42397
54421
43969
27847
74051
12289
68699
81773
81359
68743
93047
72911
91381
21169
34429
51343
73561
74413
97961
36131
34337
68501
64621
99829
93557
99401
21799
32069
22963
53359
32533
40169
39607
14741
87853
82727
13691
30941
67489
48179
33827
67967
89839
18341
30781
16831
49877
88211
96979
80167
20183
48991
49927
61261
34841
20639
83203
20089
23633
51047
51517
18397
24137
46523
26177
26237
76213
57493
35591
77261
80897
64439
60679
47963
27277
76283
70841
15083
62627
10243
64091
85213
66697
86197
14591
37649
48649
80831
39799
88609
74843
37339
59341
16097
47389
46573
19037
31981
67757
39443
41233
93581
30559
50683
39829
82003
24571
19079
38083
57287
86767
47431
90787
47129
63719
44491
62323
83009
75689
94261
69371
44953
42773
28603
91139
60521
18671
12487
52747
58439
84523
60427
38281
44563
32297
97943
36251
50119
11939
74653
28163
76261
12323
93323
65407
85597
37321
92693
70201
60659
14503
95747
58379
95231
70913
47417
26459
69767
47791
65617
84961
24953
88811
99257
97523
72227
81199
61519
89231
27901
30803
15101
33581
47119
65111
69463
57241
79411
46183
75133
93607
18749
85619
86783
15473
63863
11743
86413
37907
60103
76649
17863
34369
63197
33191
93139
40823
46889
81629
78241
79337
80387
81619
32059
79151
79301
16427
10501
32257
38569
99607
10099
12781
60901
38567
53927
46853
22679
96757
75149
73477
71249
17747
71069
31397
29269
44809
33301
84719
35507
25469
45869
12547
56299
35797
59149
79873
22621
14731
68947
60017
22409
96199
99089
49333
64399
10037
39877
33403
32573
56543
51487
24767
91631
64189
45439
12479
60149
52103
33331
93967
17851
32401
55213
44753
26083
41389
39821
10141
63697
84223
22861
61379
55711
68239
61627
62639
35023
51853
84121
33893
68053
32251
13259
52861
53759
75367
92083
94201
38447
73681
18793
32077
65761
70157
33377
56377
45061
60779
51949
50539
59263
57487
59707
65951
21881
44027
61211
31249
64067
80929
99989
77863
70079
18313
71861
59029
38651
36161
64679
89753
53381
32323
98911
33601
73459
45853
80233
25349
15173
75833
75983
15581
91577
55061
70139
47777
33931
25577
50929
76913
15901
74713
74101
48533
75583
19051
25747
20353
70969
57037
91573
20939
86381
70481
89413
92951
27799
13729
34963
34871
82847
59141
97007
71191
43627
38113
80473
43003
33013
52163
63487
26641
10463
18289
89897
23369
41801
56503
40993
66739
87151
51913
10253
44543
35447
81001
25673
68771
32353
19457
92479
28961
51217
89627
54013
60761
24329
50549
42577
94687
62539
89821
78487
21739
43753
60397
91369
78467
34721
11597
48487
41177
80657
93077
80933
85061
61511
20393
28759
60383
73259
37691
81847
67033
33749
22271
70997
23741
73999
48817
62633
57737
78809
52879
66403
83227
44179
13183
36293
21737
39199
60923
18839
63317
23399
16111
15991
64891
24203
90641
89899
55667
43283
80279
90697
77543
36341
48437
45827
31079
15443
34759
46073
97381
76253
82787
47659
44089
88741
96079
59281
64063
39371
49957
43691
90997
34939
71387
20021
40283
91711
70549
95731
47293
98041
51133
75017
97843
12373
81883
11719
65381
98407
87149
85259
78167
32003
82013
84859
37361
68669
46229
42443
46141
41983
77491
16249
22189
69317
35117
96377
44701
25933
77689
56909
53609
39419
95101
21599
27283
10613
22067
98711
49871
11213
25457
77797
77101
83983
18583
68879
78721
75013
16931
30643
98207
15439
57593
24481
89363
25411
92317
37549
15187
26251
93763
25163
82483
66643
59419
57697
88789
88079
29789
12641
77573
62459
21433
55201
62617
60509
76771
65003
82361
19417
28447
63691
25693
41737
56773
89603
71899
51929
71483
81401
89767
46727
34297
47701
35491
40693
35027
46447
53113
11677
24419
56417
53939
92959
94309
59539
65173
88261
15629
44201
95267
14083
22639
85199
59009
34273
27431
84589
99223
90199
35089
61609
10357
23929
30631
25819
20903
61651
17483
41491
32537
10289
96973
35879
71971
81349
79693
51239
94427
38153
35339
54647
25147
44839
35999
51287
18253
31489
21143
80231
10883
17209
67733
48481
77323
17471
15259
10091
14087
46877
30637
39581
33791
74567
66751
16691
11059
92461
93851
28027
52721
83609
21319
22787
57413
21647
44351
65789
36373
65963
16619
78479
19429
53791
99643
86297
13267
32497
32303
58763
65099
40343
65071
93253
67121
18133
95461
20129
95617
50021
57751
20443
71821
99371
70123
85847
64279
77783
36541
57457
60223
84979
53129
23993
42967
26729
14281
26903
90227
27367
78059
14657
28871
46861
72577
29879
16651
92767
34667
37057
58073
62201
96451
76753
60331
48787
97987
13399
58603
70019
12791
92789
35747
47881
79397
98389
18379
34439
71119
87491
70423
80329
78893
43783
63127
34513
91199
10973
55837
68219
18457
31387
44053
59351
24533
83477
73823
72469
94379
23473
44203
43331
73637
77977
41341
63913
13109
74779
66821
35437
66653
59053
80713
79601
12841
59393
10343
39709
99391
82793
71569
95107
26683
72649
23557
17053
37277
59957
78163
11171
40531
40583
10331
80909
11239
19609
46051
58699
64231
29663
73291
77969
60337
43189
27509
43891
75553
33119
53377
27581
83389
16421
70241
73709
87293
84199
61099
82189
18493
15671
44587
14029
19471
93559
72167
70991
96223
94993
39043
85487
22699
42649
90353
23599
76943
42719
65899
45817
52691
40009
85081
84713
83221
84481
37537
50581
36389
75337
71419
57173
72617
23209
37123
28547
47297
54709
48859
68767
12853
98869
96167
84629
17027
58543
24989
79901
20047
89653
93637
14347
73607
10597
64849
41281
10061
22193
40241
10433
45403
84221
54217
28559
21107
47381
37591
18439
84047
22277
92467
20759
23017
87011
36083
37573
68447
22961
35593
73553
88397
30911
19423
65647
62467
80363
46649
22039
56999
23459
60869
21529
18973
83311
94439
88801
49411
19853
65867
32603
21163
84349
84977
45541
71549
88493
62401
41887
38921
24593
21557
24317
31517
21377
13327
60539
85303
17443
33317
54277
96959
57329
27109
82183
58967
68639
75539
82699
23087
33391
93893
63313
20107
82889
77867
28283
78649
81559
83059
38351
16183
50023
93287
85027
11527
59729
97649
89849
41113
28901
35449
20887
82939
14519
87083
11243
34421
58771
56929
69431
82153
96329
19541
10957
53681
30293
55117
17707
12401
46147
44983
22291
48187
23977
82267
90703
92941
96517
63521
38803
24359
95483
98377
85453
75223
77471
50591
89491
39139
31769
33871
44621
86533
75731
30509
90007
95419
60101
59011
26263
55171
76651
78853
26501
93263
79657
86341
96931
62939
49417
99793
29101
59581
56807
17581
19763
99527
79861
97429
50387
13499
29983
23957
67987
23801
78737
43577
58909
96731
70537
56779
92003
82141
72053
14593
43633
58897
98641
89209
91957
10193
34313
11549
83791
54941
76871
53149
42743
94079
77489
68443
34327
23857
67477
43651
78233
17489
92657
82387
42013
75629
93151
28697
54919
65831
70867
23197
81509
13001
50503
38917
96443
49993
72707
81931
47303
51203
58367
37847
27941
79283
68899
93809
58693
19273
18287
62311
92399
47543
12473
67927
73973
32779
94823
54583
16963
52667
83137
86441
11383
30689
91159
73309
48823
89269
66071
79231
26927
12073
57977
20509
53407
52517
56951
29033
46807
84673
90397
17791
97841
75391
67931
34267
30697
16901
49123
70099
54049
17393
65719
99109
56531
85093
52727
52391
50087
59557
98849
53503
51563
96697
80777
75217
25601
20323
97967
82657
19183
83903
71983
66509
36229
42709
13099
64033
52081
74587
12619
52709
15583
47147
52733
54251
81031
92863
28439
40237
61543
25903
55109
38261
64453
74531
87991
53959
87257
88807
96667
60167
46441
21611
90847
89087
97583
26759
24517
73009
90197
66713
56249
54011
43499
39241
84407
85297
96497
71713
65881
22651
85133
29129
42767
44453
31039
54727
31139
60041
28069
36943
79867
87317
55901
74017
72559
72859
17359
16433
25453
24709
28621
37987
18553
48907
50647
21419
54167
70507
91811
73369
19913
26947
45293
18451
41221
75377
96043
47629
34487
69389
15679
96821
21139
16763
43271
15299
25111
63781
38993
83269
30869
28433
90911
71809
78877
78643
19507
73079
65599
21773
96763
62303
46817
83621
18731
73679
25189
35171
56501
95071
98269
32579
26881
84737
19069
49297
17981
25343
17497
83717
12689
53611
97003
13451
73133
24971
52259
53731
61121
27241
14461
29063
17387
93739
78977
62189
72763
93419
52453
84211
96353
86629
57713
19841
48163
60719
78941
48353
61231
65701
35141
22307
78367
97613
81163
11827
47599
70379
73517
59273
44777
75079
23833
33923
98429
38501
11909
57899
57349
76159
71663
86677
24103
27983
97081
81611
29389
99871
27011
48157
50909
79811
98731
44357
58477
80051
51511
54377
75997
77813
94771
21727
30593
77279
61687
77711
24979
30029
93463
66041
74189
52237
18131
60611
39227
58229
17401
15373
64661
33151
71633
67339
32191
97073
92717
88177
19961
65609
51691
73331
83857
21149
53171
90481
77839
77527
77849
33409
87797
86561
65657
57191
43943
79181
94331
96263
73651
31643
85831
62131
71161
59621
31069
71039
91691
62873
42589
45083
34687
95027
84011
94117
11887
17033
95629
39301
41539
82279
61169
96401
90127
88523
37309
18637
79817
46049
97973
59779
40423
37463
61631
14897
74231
80603
19867
63331
61673
81737
41903
61751
76493
47521
67411
35951
62233
71849
81083
25873
50821
64693
13693
20023
43867
30059
39623
46439
32237
88721
27733
59629
33479
69737
20113
46457
58231
83719
71263
23251
72103
11437
60449
97549
51817
28793
66457
47279
12043
74521
63031
41213
34949
60091
26203
78787
99551
99191
35201
94651
53441
46061
82037
92821
43853
23143
45377
51593
85447
93563
21491
83243
94597
75931
27091
97813
84377
13999
58171
66853
31543
10211
25169
14753
34843
37897
72823
13649
80513
72937
10729
15541
90659
85661
78583
84181
14843
37871
64747
83233
65563
81017
94099
12277
62171
44683
53281
62141
77591
79823
91951
61667
90947
36929
36493
69833
18119
98801
44293
33589
79379
99367
90439
36013
49261
71647
77621
58453
49789
12953
21943
84317
27697
64451
64763
47057
46511
40867
62683
73237
88117
73039
87407
89123
82471
61729
60961
16829
56963
75937
58309
19973
91591
70891
44131
26813
19577
12157
47407
92107
86981
37019
10477
89611
37517
55051
11489
86531
80107
86239
44641
52201
26449
76333
72671
32381
32261
14149
76163
54667
41243
10667
42283
33343
50543
59791
37831
74861
92269
47527
13007
13487
24547
40739
54493
98491
19333
98627
36913
95143
43933
74201
94777
50971
30097
14851
74509
62129
26227
93239
46499
36527
29131
26987
21487
34019
53923
88651
62003
74159
90731
18679
67181
44111
86689
63421
39901
35059
57881
27481
40697
36713
63029
90403
60259
90533
79699
17569
50341
20143
16987
14303
55663
12107
96953
21101
42379
37567
52021
30187
63977
22367
53299
74717
97213
32491
16661
46399
24733
70823
71339
63361
46703
65293
86161
43321
19121
97169
67211
73699
73043
28411
32621
67079
98689
38977
66883
19751
29473
51977
59453
41051
22093
97847
78031
91639
47093
86293
95087
74377
55411
92801
12101
64609
47591
21569
22643
28631
68113
42437
10079
90803
74219
42463
87517
85517
58511
79687
69859
69233
83407
92671
85121
92791
91837
49139
31253
96461
28019
90863
72647
71999
50833
73361
79133
25229
43049
19073
55057
96553
14431
55343
91867
94447
37409
38317
52903
42337
32797
74021
85193
97919
70111
81463
96337
55733
97879
60661
27749
77431
26821
53527
95393
37607
29723
72253
42491
37201
26189
92723
57809
24781
99083
59743
20231
73673
47977
97397
10247
39341
70117
27647
84457
11971
60917
66301
82759
98561
89599
49943
58049
18061
62099
97283
65983
76441
61909
85577
13933
38053
73597
71237
68993
67523
91303
91331
85931
29347
89917
16567
79423
93481
10499
25219
64601
38377
26891
19571
90977
88793
37997
59887
42899
99053
56401
55871
26953
50359
63727
51043
41893
13829
64997
37049
21407
41453
88663
21997
57829
98809
77201
99623
72341
72467
39667
87721
65029
51109
49711
51893
61001
90793
10859
45007
53597
91969
23627
92363
64019
38767
62057
66809
81943
28687
56039
34807
73121
22279
44531
29959
70487
73589
20921
48119
28537
76289
11251
35731
90239
52057
12613
70667
78193
24061
94573
18713
34259
13219
29611
91393
72043
62597
78191
26209
40123
91757
31687
47087
74257
42751
77617
30529
76343
49831
28057
70949
52673
98419
26171
61031
17957
89669
42569
87121
89819
60623
42923
11701
38903
25639
42533
94121
93083
31817
57859
54907
20747
20551
54713
80803
68099
91921
31391
69149
53897
80629
62081
47653
92033
10039
43207
25391
36857
84551
17539
10487
47387
13807
10867
33619
15349
75533
99409
12011
16061
76873
49921
70249
23819
84559
91079
17239
93383
33353
74887
31357
18013
17117
99661
89399
32969
88327
48757
84503
44279
15809
58921
88037
87697
51449
59417
74609
26489
24169
70351
29501
77417
12941
34127
94153
89227
23911
83459
18859
11621
49069
23117
25733
16487
13859
36809
67129
75521
89977
33563
19681
92737
36847
81041
67751
15241
94531
62497
41143
95369
69911
99563
33073
97001
67103
86729
52379
50857
66529
50951
83761
28843
35677
69677
41467
37861
16481
53777
83023
10909
97553
71153
39239
45197
16451
96179
23909
81281
21001
44887
66047
91541
54503
71437
84649
77141
99397
14969
61657
61403
47713
72959
83449
53899
35863
46471
85021
84229
98663
34361
15277
78541
18773
76123
53479
92219
32117
77267
95441
76757
60821
93719
62791
90401
49169
44789
87743
40879
37643
78041
52889
79579
60889
75913
52631
55631
89633
11083
38461
53951
19289
19309
26711
59627
45863
29803
33967
37991
54787
61553
69401
24691
38699
50587
30809
10663
91823
18301
17903
20407
40801
65677
64877
90631
67261
34471
72031
86929
70657
79147
78839
40193
56893
75307
14207
67619
65687
60443
28789
74177
99041
62731
34261
25537
81973
24179
19793
46021
16741
58099
60811
55609
96671
24509
20117
21649
34213
78139
22811
36319
18481
16979
98057
14633
49043
35897
49627
90619
29167
80809
81901
69109
37273
17183
42989
94541
39857
36551
71503
87559
59069
15427
20411
67433
41611
82757
22483
97459
25589
23603
79103
86017
63467
63599
39779
19301
53717
27851
20549
29287
95989
80953
35363
38833
29401
17599
39563
66337
92413
17491
91813
16139
81899
36479
29123
73181
63131
36781
28513
49019
55487
13093
76597
85429
70843
63097
16871
85103
95819
14747
55621
70199
50263
40499
63277
79043
49117
30871
19861
34693
60899
90931
21587
45139
39541
45337
33811
97117
55799
84467
26297
98887
77023
21391
54401
41879
14249
69341
84053
81701
44159
95737
79367
15329
58687
26627
94349
64223
63493
33349
53411
20201
50383
27397
83773
30169
29021
74561
83339
28289
65141
48491
41809
32831
21577
23623
30931
78823
51631
34469
65419
39749
62039
10321
82241
56197
30133
36709
63803
98443
44917
27127
10979
98773
15199
36007
82723
90073
80149
51431
44519
62861
47581
54869
31307
86369
42683
84827
60601
52579
76003
14479
59971
63649
51157
44971
53593
30347
70229
80527
40949
28909
16369
43721
47363
15017
23813
23291
38201
15749
12251
12917
58169
23899
41813
86351
69467
35081
97327
49787
99149
20333
55787
96589
44879
50123
66791
98473
54367
58711
93281
99139
63367
53093
89261
86939
77719
63667
26951
99349
65557
17293
64157
91297
71023
30197
98411
89689
63409
16417
66919
79349
29867
24631
53831
27793
27073
69821
91961
99377
77213
51461
95089
55829
30427
30103
71089
28657
83737
60937
17939
62983
36923
86477
97729
68927
52177
88861
47339
57143
98323
79769
34583
47741
14447
92233
36973
32369
86993
85711
44867
30119
40597
11839
23497
67073
40699
95219
69499
30937
49207
42641
49171
30203
78989
25657
68819
52639
45841
82499
89003
70001
20269
46559
68711
67883
53117
88919
80833
64817
32693
64969
55103
87421
14783
36011
15527
20873
46099
71987
77999
73453
41201
40849
85639
25667
43411
33287
25801
22091
69991
80917
74027
78713
35983
58243
14243
38933
17749
56053
11173
93941
94837
61781
45491
86249
61559
42131
75403
76777
69163
48953
83471
40213
76919
32441
20789
75611
37571
53197
25237
97441
89459
90371
36559
80489
56671
48847
45767
92641
63709
28219
70501
43063
59753
79111
45161
31247
65827
71363
52301
18211
77551
44273
73379
16001
17207
54829
95131
19919
30449
36793
37337
55793
98011
38611
99571
46327
35869
82729
19777
63179
19319
56989
65729
62927
52009
36767
11587
14737
17341
71807
74903
67979
56993
90473
86599
59357
41729
54403
77243
21187
67021
84319
62273
87881
91703
15907
56747
79691
19001
19483
54983
59183
87671
60737
92189
32647
18217
93199
93913
75289
18593
24107
84313
95189
51521
46819
83219
69739
41597
50231
23021
49531
45557
72817
84919
72551
81097
30109
88591
21613
16339
83921
61487
10139
19949
22783
34543
86083
14771
23167
10313
38783
12829
58789
28001
77773
95471
60257
76463
94949
56711
24077
21713
34981
37511
77549
19013
90187
49477
32089
10007
38923
98213
56207
97777
39937
15877
94111
20731
73583
34061
48661
59693
18443
15497
48131
47497
15667
86467
19373
79399
85903
60139
46273
22133
64667
84913
75781
91943
47269
85819
11959
67481
43963
83597
60077
47819
37967
22697
10987
49451
68713
54419
92581
84463
21017
20101
61583
71597
40609
75767
34511
46477
78779
40483
25847
95443
39107
24371
13331
70451
84787
29339
23831
53327
49459
24023
60209
11471
50891
22259
11897
52511
81371
46723
24097
13147
99469
78607
93241
99529
41411
89779
67453
45263
20341
52027
20959
36697
52957
38329
31159
22027
45233
93179
88817
57119
51347
35053
61027
27457
38459
79609
28579
36643
51713
46091
92831
16843
12037
29221
33083
53231
14197
32321
75181
43973
13463
91243
93319
33149
34649
48571
16493
65777
91621
87337
80173
14489
95707
32869
32467
83689
74597
83443
86371
20233
24133
83933
35159
14831
76667
95701
36947
68399
33529
63391
22123
84653
67741
20177
60083
99119
89443
41081
19501
40759
73907
86509
49891
54581
97303
94819
16141
33797
57649
68087
48109
97463
48563
54541
72379
95959
37889
65423
71761
25913
29671
78259
68207
19991
20287
86171
13009
98327
38183
37853
96493
98047
93283
33857
59669
13757
95549
83777
26107
77659
57641
62299
62743
56843
64513
52901
34549
19603
29921
57131
39293
74869
93187
81047
27967
67547
82721
17911
26557
37021
45959
21559
10559
37357
99173
47051
95773
23773
46199
73757
82193
51787
53101
56897
17011
49853
93701
99439
38327
40037
75109
44029
33487
95213
35911
21757
96097
80557
15649
49727
50593
30047
95177
51767
19231
33469
85523
33091
11903
85091
25523
71837
33751
98639
52967
65171
25031
28393
53453
80021
37529
59221
78509
44059
28669
63559
10457
83663
36137
36109
29423
93901
77447
67567
16981
53279
82349
92153
41161
85837
63647
88867
45821
72251
90107
40933
41681
69877
39827
91459
23753
61643
25183
99991
33613
59921
73529
91463
14437
13907
54779
34589
57047
14923
41579
93887
11093
18503
30269
93103
16091
73363
74353
95603
64919
81569
10567
39679
70849
80669
59441
83701
32839
34849
19249
37657
28181
42227
31181
66889
47441
22901
20899
33773
40099
21911
15053
27197
20441
79549
61861
51907
74821
20071
17137
84391
80447
24527
32843
98227
13799
22153
12893
33587
67511
42937
78179
63103
29383
40709
58271
55717
66949
48989
54877
18149
56369
51341
41627
67801
80111
26141
55673
42089
65929
17891
36067
43291
66109
23201
33547
99839
87253
44281
67247
83639
58193
48539
58937
61253
38561
65707
74551
26371
23003
64871
24923
13921
70793
13697
37963
88463
87359
37189
40231
11593
85229
46757
84163
49481
10709
11311
87643
35993
18371
55933
68863
86501
59651
57331
32707
89431
12409
43403
31013
76079
45121
17519
35099
64319
21701
52267
27541
56911
93113
79259
61129
86399
33311
90149
68023
33721
19597
65927
19559
44987
65629
57467
88379
69761
82591
26701
45319
85717
55469
19267
20849
33641
28499
50321
57179
63823
69593
66749
19993
63629
10459
51427
72271
50989
54601
63907
94789
85643
40151
79273
67939
89797
22013
98867
64237
13841
59233
14033
90359
30703
95783
87961
42821
65353
39551
74759
61471
72949
14821
14717
39359
43669
81131
81013
25867
44189
17881
99013
25621
46549
82261
44371
97423
22283
38047
24337
56783
14411
13679
73643
40459
84059
79813
37243
93523
77557
14629
97571
68209
69709
68329
28711
17291
13397
67057
25303
39133
34057
60943
18041
62929
11807
61483
32971
71059
42193
20297
73721
44269
34301
92669
16747
51803
57221
53551
98897
95539
59999
95813
25717
33713
66721
59443
98507
23767
48593
72923
27653
71963
97387
95279
97151
91411
96787
19819
81457
10273
26437
49033
13313
60413
68449
81839
36061
46093
11069
66361
12763
77611
81283
37171
51673
27067
16273
81953
72481
10853
26293
41851
29863
82601
10949
11399
94441
95287
73421
80209
50867
56873
29363
33203
17029
41117
12637
27823
73939
23561
18959
86423
63761
77743
75161
87119
42101
75989
26021
56533
41981
39161
44071
53269
63841
88799
90469
31973
10223
37663
75029
12203
96469
24049
72733
14293
18223
42349
12743
23537
77017
62507
74489
77339
18917
48947
44221
36467
11447
67993
24907
62017
43889
23761
96779
16729
92311
66841
22391
14653
15733
13163
15803
57559
72503
51899
67447
34631
21871
55691
42499
72719
71699
97673
53617
33577
11579
29633
63743
47933
41203
33617
40829
49603
32983
94351
94747
90887
13877
97039
78203
54163
41263
29243
88129
90011
66629
34031
19433
28477
44819
25171
18311
38707
25763
11519
38299
13469
87803
11617
19447
22369
57089
37369
79967
24247
51719
78427
13711
16127
50227
29819
40577
57947
53267
52291
56633
91009
13997
30323
82339
23131
30661
32687
62987
49681
13883
60271
94483
62137
17377
98597
22877
18433
78571
95569
96053
24083
47419
39863
15817
27061
25321
62483
38237
40903
59113
34877
75479
17467
34283
31123
47507
55381
82073
10399
92353
63113
19739
61603
52153
90907
39439
28753
79847
92431
61463
17107
19759
20563
39191
52369
33247
99817
91183
85853
58549
11257
40507
20641
31751
68521
77899
85691
47807
53437
19717
32507
82567
98221
28703
16673
36761
35311
15359
54371
58153
11003
19997
21661
42863
63149
30307
65587
94291
70709
14251
16879
47917
41519
29399
40591
26959
36263
13681
15307
20879
71333
48751
94049
83813
64811
96487
55639
28031
33049
64171
22907
19801
91733
14951
49211
89203
45887
76697
69259
12227
46997
87977
36209
60127
59377
65269
52121
68059
20123
82619
40543
57839
61637
63617
64793
90709
76423
91253